$ANSIBLE_VAULT;1.1;AES256
66323062663238376566333434636533643866376464643331373231343232376534646438613632
3635623331356434343838373964333065333037346361370a326131383462653138663735643735
64323261346265393663356339343834303236623231613231326539626561666464396334323735
3436326661313135650a613539623931636134353664633564333137313931383763613966343661
31363634643437376262386331323265326339373663363030393566366366323262643136666239
35626332333863333664376464323161393937313863643737363937313032356437353135343239
37386666363437393630633239306235323831363236666162313839363839356565613062356531
65646634633166633938646665333035396339653934653266333435366162333738386139306564
62393535376335393039366230613262313565396363373938346165303864636162393439383434
36613031376365386330343536343231653264623436336539653961623130626330353962393437
31323664373263623262336362643931346438363638623465653962616634663832616232646631
33306133636461653861316235366435303130616162363437663037623030666562326534623630
37656264333130306635363765313530383762303332336430656331643035653331303030333935
31666266333036343262303632323535613864306533393065633665353230636632623930653939
62663930366237623533346531666261323166346661383437633535616532613062363835353561
36666534353264343035
